1039.50448441562
1050.59168773801
1061.56208738424
1071.99201499859
1081.63026787477
1090.51226965028
1098.46777831756
1105.13317797348
1109.9679833613
1112.64841037152
1112.70754987848
1109.91917697083
1104.05292757451
1095.07572497704
1083.2362355563
1069.10919616588
1053.16646314056
1035.78979223044
1017.44981029336
998.721281284565
979.975578166316
961.701941488425
944.668530182897
929.37853905111
916.062275116267
904.666906054412
895.123194567398
887.383793526541
881.248849515555
876.216640937213
872.477494377494
870.027705200472
868.820118763979
868.980146531259
870.823311763713
875.085248454619
882.379077755364
892.906029321457
906.40840824195
922.359350627344
940.067165190742
958.524985214483
976.049239250018
990.826938134082
1001.57021563009
1007.83416763725
1010.22289275727
1009.59590097394
1007.08288241336
1003.86504594759
1000.85146792034
998.927102314852
998.372438312759
999.061014579888
1001.10210314109
1005.26397850296
1012.13109302205
1021.7566693952
1033.82087191307
1048.00718155401
1063.98036928142
1081.26018229968
1098.88972018998
1115.35540060847
1129.20598064338
1139.38731742487
1145.43378986146
1147.83140210725
1147.50438386592
1145.33803367599
1142.08273696372
1138.17821811581
1133.96895700462
