3.349175579146384418e+00
2.798133412625190886e+00
3.528988675323265323e+00
3.339970711500495959e+00
3.430331271584841080e+00
2.899448238018038193e+00
2.749990040831248539e+00
3.219014091640779895e+00
3.747797414573299957e+00
3.032987651873540358e+00
3.375535339592711903e+00
2.850321941176611418e+00
2.661174245231605617e+00
3.210541569499886005e+00
2.907609137771856034e+00
2.663973403155736719e+00
2.479916755218908975e+00
2.925387015973764715e+00
3.028716880296733915e+00
2.463282022144526184e+00
2.403179176169432552e+00
2.718540206622114930e+00
2.761325554000635840e+00
2.625295273653828421e+00
2.774784826344686373e+00
2.747995355256037886e+00
2.730227099397718682e+00
3.391319821741102469e+00
2.861747149155966063e+00
3.115212716532359760e+00
3.359866937218124239e+00
2.848844432404049609e+00
2.991691063743172396e+00
3.205930689064872663e+00
2.862719950566807281e+00
2.480832909539594233e+00
2.492377377922470938e+00
2.506336828501959157e+00
2.472771943350703605e+00
2.457597480762918618e+00
2.326831100057473734e+00
2.656421918234692647e+00
3.339481011673890887e+00
3.381044648194280633e+00
3.078952327783134102e+00
3.553939103528806598e+00
3.610511384556831516e+00
3.023240266968488577e+00
3.750323312160548817e+00
2.895268543084594359e+00
3.583765363106680812e+00
3.598980220449805145e+00
3.406110851228071557e+00
4.010131793421211732e+00
3.940074610328569982e+00
3.371894988046145070e+00
3.119369303038838304e+00
3.712875403552748477e+00
3.135147587912355149e+00
2.674645344978549666e+00
2.565463615271489584e+00
2.853832318295763670e+00
2.272331205075547533e+00
3.073386094209766384e+00
2.130521657463226859e+00
2.482053369625716766e+00
2.391517821045873848e+00
2.898405655004621551e+00
3.409884080233781312e+00
2.705410111519931160e+00
3.406153348846522100e+00
2.979887697427699322e+00
3.159232329221759006e+00
