0.608855465644376
0.604918168615756
0.601215549269085
0.59692951309871
0.590822531148844
0.583148814914034
0.575130154741961
0.568204561157228
0.563299485035359
0.56037811446462
0.558015429813074
0.554188603438724
0.547635015600452
0.538421503962844
0.527295204637549
0.516201527977376
0.50679656706958
0.498832209092705
0.491835479780076
0.485112470293667
0.478756629637683
0.473111209184111
0.468487652105465
0.46494007789197
0.462757750282768
0.461393807017966
0.460825604856111
0.461514532649585
0.462517554333336
0.462525177400651
0.461799229989107
0.460622968938901
0.458573637727531
0.455621370627798
0.452255410226392
0.449209244145977
0.446901847438012
0.445547733914099
0.445623584365265
0.447687664386955
0.452067726188208
0.458988805135119
0.467345536199074
0.475114377096882
0.479917119379163
0.480819957877501
0.478176012064154
0.472580231591572
0.465305764296899
0.457747456754647
0.451470211306506
0.448190347072352
0.449083209226713
0.453348489528762
0.458990567284267
0.46392097793381
0.466761407999409
0.467485444422652
0.46664282985088
0.466025908124058
0.468109129202856
0.474594569337284
0.484781766572285
0.496500230939681
0.507402618129814
0.516546748535466
0.524129311423673
0.529991651896568
0.533523689435322
0.53429182794633
0.532443554387487
0.528855594029558
0.524466512445427
