0.0366217413424963
0.0400451428483453
0.0440178388137308
0.0490399200957461
0.0560914315040271
0.0665536829709608
0.081366978706309
0.100927665464314
0.124370743350165
0.149029708658132
0.171900555656928
0.191345952735477
0.206981838665501
0.21881754756949
0.227948423908998
0.235437448544621
0.241433743988716
0.245933478543479
0.248646535706364
0.249202748814497
0.248023638388316
0.24568346379521
0.242447375774018
0.238599836567919
0.234242461344241
0.22974440779784
0.225749779856392
0.223003673003024
0.222128624315348
0.223423283895606
0.226749624790533
0.231969827641896
0.2388207330195
0.246183361072928
0.252864324829463
0.257770431364156
0.26036063543997
0.26060094715336
0.258793361905573
0.255285972848252
0.25061557957594
0.245914669350576
0.241990642201747
0.239230793173385
0.237652232362918
0.236841721174936
0.236226265508997
0.23536997932594
0.233968957084508
0.231747997464667
0.228815729066532
0.225552313733876
0.222509319541516
0.220342851338651
0.219742367005097
0.220984397134008
0.223711608934448
0.227434672961258
0.231620228848782
0.235629559053521
0.239064147680485
0.24176554787838
0.243455754250589
0.24370927882536
0.242450830533851
0.239958671852051
0.236780080774298
0.233592474367567
0.231046801658376
0.229824960180511
0.229968006602735
0.231064692108239
0.232480799861401
