-14.0015815850586
-14.0088860309683
-14.016202007202
-14.0236211337441
-14.0315086809745
-14.039974419025
-14.0485557846864
-14.0569940492863
-14.0651391310568
-14.0723056411067
-14.0782708589596
-14.0827721553925
-14.0863496708032
-14.0901100200528
-14.0955069341705
-14.1037217073567
-14.1148543362565
-14.1290463429142
-14.1460665423991
-14.16649457633
-14.1914526525672
-14.2212631493426
-14.2548923932175
-14.2919276135656
-14.3322375324234
-14.3757964126067
-14.4217512200148
-14.4686572708329
-14.51586246582
-14.5631320856826
-14.6091435737131
-14.6518936712525
-14.6890760273315
-14.7180903284454
-14.7376126716257
-14.7461933694076
-14.7429401103371
-14.7269054542091
-14.6972104235246
-14.6535126300301
-14.5963509120975
-14.5259893017481
-14.4430310921741
-14.3487780894198
-14.2453443851622
-14.1336656606829
-14.0128297726065
-13.8803894657366
-13.7338909377709
-13.571513499019
-13.3925211810787
-13.1969431397705
-12.9866828306896
-12.7650089214541
-12.5347929825057
-12.2992507553699
-12.0624409856457
-11.8278388941149
-11.5983696613927
-11.3760300112953
-11.163330263643
-10.9623073054042
-10.7727779781803
-10.5930818081421
-10.4218100198007
-10.258509558335
-10.1032853518601
-9.95610590408477
-9.81675985709978
-9.68467367623098
-9.55892547684872
-9.43781664728428
-9.31891920881681
