877.860676897299
894.947303963802
911.962808871288
928.776328194892
945.313921975605
961.544231944072
977.494119324639
993.195298476056
1008.63021724962
1023.77072954449
1038.65205102011
1053.30561267187
1067.65956301107
1081.68761431909
1095.45839784484
1109.00702288718
1122.31087074441
1135.39296296044
1148.32057695181
1161.2436124856
1174.30572752901
1187.65158817685
1201.42082565225
1215.74232615635
1230.66584543929
1246.17232647737
1262.16445060497
1278.5355722171
1295.23410390113
1312.21826848657
1329.40736460696
1346.74748091359
1364.17029342478
1381.55474289819
1398.74183679542
1415.5582131747
1431.75560464749
1447.03180877627
1461.12582587718
1473.86143768753
1485.17878412774
1495.12520062132
1503.86920957393
1511.71326711402
1518.94053828129
1525.75887341349
1532.24760245017
1538.38817059541
1544.0527501724
1549.06133891675
1553.28156260707
1556.65906239017
1559.20078230722
1560.96165172145
1562.02277685381
1562.42374884616
1562.1280830373
1561.16115583759
1559.5350842375
1557.28943903115
1554.49173597805
1551.22807732762
1547.6585154743
1543.95671225709
1540.33451138535
1536.89852129447
1533.66007847766
1530.57980241768
1527.58753470553
1524.56542780504
1521.46081921344
1518.30933810481
1515.15393472158
