0.0440380095346354
0.0462706109995904
0.0482378255953038
0.0496653432786963
0.0505512427501874
0.0509377190177861
0.0511607568908515
0.0515393815935342
0.0521455209196154
0.0528218082893699
0.053659198866094
0.0549230426186757
0.056076020998741
0.0566334111115037
0.0568945880921554
0.0571977956220538
0.0574214185326629
0.0573372527862375
0.0568665192256138
0.0563150641612857
0.0559004962391562
0.0556102970389268
0.0555710401012955
0.0561875519120366
0.0575871611516805
0.0595465710921051
0.0613759929687155
0.0624629576823332
0.0630713070277914
0.0637080330026924
0.0642122799301058
0.0647982880745992
0.0655965673141048
0.0663856890444163
0.0675136829140471
0.0692523942352262
0.0713626437829814
0.0731156947226625
0.0740427264145619
0.0739159369255124
0.0725598587536967
0.0699249939088919
0.0665278437760559
0.0633815378954525
0.0610778809925848
0.0601143109741298
0.0605736881553693
0.0623948154689176
0.0648169733967955
0.066791134171701
0.067838439969933
0.0678606184644311
0.0669039146756536
0.0653956368405453
0.0640098613538221
0.0633542603134559
0.0632116681689937
0.0632990004932373
0.0634799660302497
0.0637270686267792
0.0635918186023636
0.0624023099413534
0.0605019015489798
0.0583546634855336
0.0567508797726404
0.0555723860831277
0.0545576700956153
0.0537239389406457
0.0530792371081365
0.0525786676732176
0.0523830596474025
0.0524125130344439
0.0525406099124902
