3.89183730284077
3.63530511120242
3.48381482952417
3.34818645712818
3.26400647283616
3.11833420518314
2.96584345109755
2.85582757059975
2.74906321200321
2.65157622595489
2.57413084023453
2.50340909993992
2.44140569886563
2.39552385959594
2.38027013362325
2.37463349146264
2.39972911834333
2.45009032288943
2.52236653212202
2.60081037625772
2.66246173608046
2.74401939480044
2.82744973822697
2.91926657101581
2.99141983810433
3.05426219319563
3.11444175796139
3.1426612624758
3.13899080744158
3.09699415949132
3.06225926756521
2.99438052819059
2.91840025037039
2.82900570392152
2.76396273287455
2.72473662874957
2.69462187148346
2.70782468969508
2.75681020270697
2.84488660517832
2.95051566819424
3.06029022940637
3.16476818834065
3.27461475513351
3.35887463559321
3.42959019863805
3.47672992979102
3.50675532951647
3.53603693271257
3.54440245473926
3.53400834642495
3.51489412472986
3.49244109763384
3.45978296070295
3.41055528096802
3.35242195017683
3.29407568362955
3.21935689444196
3.12908823497818
3.05560161547957
3.00440484007594
2.96012988477014
2.93108217905731
2.92586371620893
2.94764422553855
2.98007181381123
2.98240145078548
3.00598680276969
3.07683901943487
3.10697532018621
3.17606319476639
3.22527557362135
3.12088175514305
